EDID BYTES:
0x   00 01 02 03 04 05 06 07 08 09 0A 0B 0C 0D 0E 0F
    ------------------------------------------------
00 | 00 FF FF FF FF FF FF 00 9A 49 F0 05 01 00 00 00
10 | 10 0A 01 03 89 32 28 78 0E 9E CD 91 54 4C 99 23
20 | 17 4D 50 0F CF 00 45 59 61 59 71 4F 81 40 81 59
30 | 81 80 81 99 A9 40 02 3A 80 D0 72 38 2D 40 10 58
40 | 45 80 00 00 00 00 00 18 48 3F 40 30 62 B0 32 40
50 | 40 C0 13 00 67 1F 11 00 00 1E 00 00 00 FC 00 46
60 | 52 49 5F 49 50 32 30 30 33 0A 20 20 00 00 00 FF
70 | 00 31 30 30 0A 20 20 20 20 20 20 20 20 20 00 3C
