EDID BYTES:
0x   00 01 02 03 04 05 06 07 08 09 0A 0B 0C 0D 0E 0F
    ------------------------------------------------
00 | 00 FF FF FF FF FF FF 00 17 0E 00 00 00 00 00 00
10 | 00 15 01 03 80 00 00 78 EA 00 00 00 00 00 00 00
20 | 00 00 00 21 00 00 81 C0 01 01 01 01 01 01 01 01
30 | 01 01 01 01 01 01 01 1D 00 72 51 D0 1E 20 6E 28
40 | 55 00 00 D0 52 00 00 1E 00 00 00 FF 00 37 32 30
50 | 70 36 30 20 32 43 68 20 20 20 00 00 00 FD 00 17
60 | 4C 0E 5C 11 00 0A 20 20 20 20 20 20 00 00 00 FC
70 | 20 45 78 74 72 6F 6E 20 48 44 4D 49 20 20 01 CD
80 | 02 03 1B C1 46 84 02 03 06 07 01 23 09 07 07 83
90 | 01 00 00 67 03 0C 00 10 00 80 21 01 1D 00 72 51
A0 | D0 1E 20 6E 28 55 00 00 D0 52 00 00 1E 00 00 00
B0 | 00 00 00 00 00 00 00 00 00 00 00 00 00 00 00 00
C0 | 00 00 00 00 00 00 00 00 00 00 00 00 00 00 00 00
D0 | 00 00 00 00 00 00 00 00 00 00 00 00 00 00 00 00
E0 | 00 00 00 00 00 00 00 00 00 00 00 00 00 00 00 00
F0 | 00 00 00 00 00 00 00 00 00 00 00 00 00 00 00 43
