EDID BYTES:
0x   00 01 02 03 04 05 06 07 08 09 0A 0B 0C 0D 0E 0F
    ------------------------------------------------
00 | 00 FF FF FF FF FF FF 00 0F 30 5D 25 27 00 00 00
10 | 34 15 01 03 88 24 1D 8C EA 9C 20 9C 54 4F 8F 26
20 | 21 52 56 2F CF 00 A9 40 81 80 90 40 D1 C0 31 59
30 | 45 59 61 59 81 99 02 3A 80 18 71 38 2D 40 58 2C
40 | 45 00 20 20 00 00 00 1E 9E 20 00 90 51 20 1F 30
50 | 48 80 36 00 20 20 00 00 00 1E 21 39 90 30 62 1A
60 | 27 40 68 B0 36 00 20 20 00 00 00 1E 00 00 00 FD
70 | 00 17 55 1B 5B 11 00 0A 20 20 20 20 20 20 01 F5
80 | 02 03 20 F3 4D 90 1F 04 13 05 14 02 11 06 15 22
90 | 21 20 23 09 07 07 83 01 00 00 65 03 0C 00 10 00
A0 | 9A 29 A0 D0 51 84 22 30 50 98 36 00 20 20 00 00
B0 | 00 1E 66 21 56 AA 51 00 1E 30 46 8F 33 00 20 20
C0 | 00 00 00 1E 28 3C 80 A0 70 B0 23 40 30 20 36 00
D0 | 20 20 00 00 00 1E 00 00 00 00 00 00 00 00 00 00
E0 | 00 00 00 00 00 00 00 00 00 00 00 00 00 00 00 00
F0 | 00 00 00 00 00 00 00 00 00 00 00 00 00 00 00 9C
