EDID BYTES:
0x   00 01 02 03 04 05 06 07 08 09 0A 0B 0C 0D 0E 0F
    ------------------------------------------------
00 | 00 FF FF FF FF FF FF 00 4C A3 01 A6 01 01 01 01
10 | 1A 12 01 03 80 A0 5A 78 0A DE 50 A3 54 4C 99 26
20 | 0F 50 54 21 08 00 A9 40 90 40 81 80 81 40 81 C0
30 | 01 01 01 01 01 01 02 3A 80 18 71 38 2D 40 58 2C
40 | 45 00 40 84 63 00 00 1E 9E 20 00 90 51 20 1F 30
50 | 48 80 36 00 40 84 63 00 00 1C 00 00 00 FD 00 17
60 | 55 0F 5C 11 00 0A 20 20 20 20 20 20 00 00 00 FC
70 | 00 45 50 53 4F 4E 20 50 4A 0A 20 20 20 20 01 B6
80 | 02 03 24 F6 50 90 1F 20 05 14 04 13 03 02 12 11
90 | 07 06 16 15 01 23 09 07 07 83 01 00 00 66 03 0C
A0 | 00 10 00 80 01 1D 80 18 71 1C 16 20 58 2C 25 00
B0 | 40 84 63 00 00 9E 01 1D 80 D0 72 1C 16 20 10 2C
C0 | 25 80 40 84 63 00 00 9E 01 1D 00 72 51 D0 1E 20
D0 | 6E 28 55 00 40 84 63 00 00 1E 8C 0A D0 8A 20 E0
E0 | 2D 10 10 3E 96 00 40 84 63 00 00 18 00 00 00 00
F0 | 00 00 00 00 00 00 00 00 00 00 00 00 00 00 00 40
